1010101000111001111000111100110111000000010100100101100010000010
1101011011111111010110011111110000010001001101101000101011001100
0001111001010100010011010011011011110110100010001101000101111110
1111101000000101010001100011010001101110100101000111000101101010
1001111110111110110101011101010111011010100110101100011111100100
1100110001011110011100110010111000000110111100010101011101110011
0001001010011100111110111101000111111000000110011010111100100101
1110011110101101111001101101000010101101000011010101010110010010
0001100110110000011001010000110001001011000001000100000010001010
0110000100011100100010000000001110010000101100111011010010110000
0101011101011111011110000001110001001000110010011000010101010101
1011010110010010100101110111001011010011001100110011011110110101
0010101101101111100110100010101000111010010010110011001110001000
1100100110011001000101101001000001000111000100010100110011010000
0110100110111101010010111111000111110101001110010100101100101100
1100011111000101100011101110110010000011011110000001100001101101
0000110100001100000110110101101011001100000011000000100111000100
1011111101100001111111100111110111001000111001101001011110100011
0100100001010111111100000000010010100010001001111110100000001101
1111110000010111100100101000110101100100010011111101001011111110
0000000101010011111111101100010000001011110010000111010000001001
1000010000000011001000100100110110011000100110010000111110111000
1001000010010001011001000001100011011111001010110011101111000100
0001001010010001000101100100010100111010111001101101011001011010
0000001001101000001110101100001000100011001100010000010010000111
1111011000111101100111110000110011111111011111001110111010000011
1100100011110111000001101111100000100001011111111111101000010000
0001101001110111110111000101110011111100111101111111000110100100
1101001111011110000001001010111011100101111011010001011010100000
1100100010100111011000110110001001100001010010000110001001101100
1111110101111111101100101111011000000010000110000100011110101110
0000100011011011100001100010000010111101001011110111111111001111
0111110001001110110110011110110010011100101001100101101111110111
1010000000010010001101011000000100010000000101010010011100000101
1110111000001001010101110100011000111010010110100100101011010111
1101110000101100110011111100000011000011010011011110100101111100
1010010010000100100100100101111011110011000110110110110000001100
1000001000000000011101000110010001110001110010100000101110010110
1101101110001001011111011110000011000100111100011110101111011000
0111101011101101101111000011110000000100000011001010111110000011
0101111111000111110000101110110111101110010001110001001011001000
1010111111001101100111111100111101110010001101000010000010101011
1011100000111101011101011110101100101011010000000111101100110111
0110000111001011011000100101101011111101001010110010000111101111
0000000011100100011010110111111100111110010011111000100111110111
0000000101101101110111100001001010101000110011110000010011000011
0101001111101011000101000110001101011010010010101111011001001111
0000000111111000101001001010000100010001000100101011111100100010
0001111111011111101111011001001010101101110111100111101001010011
1010111011100100110010001001011010101010011001101101111111010110
0111110110110001100100111100111101011111111100101110011001000111
0101101001001001101111011111001010011011010111000011110000010011
0101110100000011010000100101111010101010000010011010110000101010
0101110001101010110110110011101111001101100010101000101010110000
1100101000000001000100110000010100000100000000000111101001001001
1011111001010011110001110100101111101010000111111001011000101000
1111111001101001000111011001111111000101001110010001100011010111
1110101110100001001111010011111101100011110111101011011111111100
0010111001011010101011100010001000101111110110001110111000010011
1111011111100101110110010111110111100101101010000011101110110011
