01111010111011011011110000111100000001000000110010101111100000110000
10100100100001001001001001011110111100110001101101101100000011000000
00000001011011011101111000010010101010001100111100000100110000110000
01111101101100011001001111001111010111111111001011100110010001110000
01111100010011101101100111101100100111001010011001011011111101110000
00011110010101000100110100110110111101101000100011010001011111100000
10000100000000110010001001001101100110001001100100001111101110000000
10101010001110011110001111001101110000000101001001011000100000100000
10111111011000011111111001111101110010001110011010010111101000110001
10101111110011011001111111001111011100100011010000100000101010110001
00000001111110001010010010100001000100010001001010111111001000100001
00101011011011111001101000101010001110100100101100110011100010000001
10011111101111101101010111010101110110101001101011000111111001000001
01100001110010110110001001011010111111010010101100100001111011110001
01011100011010101101101100111011110011011000101010001010101100000001
00010010100111001111101111010001111110000001100110101111001001010001
10101010001110011110001111001101110000000101001001011000100000100001
11001100010111100111001100101110000001101111000101010111011100110001
11001001100110010001011010010000010001110001000101001100110100000001
00011110010101000100110100110110111101101000100011010001011111100001
00000000111001000110101101111111001111100100111110001001111101110010
10010000100100010110010000011000110111110010101100111011110001000010
11011011100010010111110111100000110001001111000111101011110110000010
11010110111111110101100111111100000100010011011010001010110011000010
00011110010101000100110100110110111101101000100011010001011111100010
00011111110111111011110110010010101011011101111001111010010100110010
10111110010100111100011101001011111010100001111110010110001010000010
00001000110110111000011000100000101111010010111101111111110011110010
01100001000111001000100000000011100100001011001110110100101100000010
11001010000000010001001100000101000001000000000001111010010010010010
01010111010111110111100000011100010010001100100110000101010101010010
01111010111011011011110000111100000001000000110010101111100000110011
10100100100001001001001001011110111100110001101101101100000011000011
00000001011011011101111000010010101010001100111100000100110000110011
11010110111111110101100111111100000100010011011010001010110011000011
11110111111001011101100101111101111001011010100000111011101100110011
11101110000010010101011101000110001110100101101001001010110101110011
00011001101100000110010100001100010010110000010001000000100010100011
01111010111011011011110000111100000001000000110010101111100000110100
10100100100001001001001001011110111100110001101101101100000011000100
00000001011011011101111000010010101010001100111100000100110000110100
01111101101100011001001111001111010111111111001011100110010001110100
01111100010011101101100111101100100111001010011001011011111101110100
00011110010101000100110100110110111101101000100011010001011111100100
11011100001011001100111111000000110000110100110111101001011111000100
11111010000001010100011000110100011011101001010001110001011010100100
01010011111010110001010001100011010110100100101011110110010011110101
10101110111001001100100010010110101010100110011011011111110101100101
01101001101111010100101111110001111101010011100101001011001011000101
01011010010010011011110111110010100110110101110000111100000100110101
11010011110111100000010010101110111001011110110100010110101000000101
00010010100111001111101111010001111110000001100110101111001001010101
01001000010101111111000000000100101000100010011111101000000011010101
10000100000000110010001001001101100110001001100100001111101110000101
00000010011010000011101011000010001000110011000100000100100001110101
00001101000011000001101101011010110011000000110000001001110001000101
11001000111101110000011011111000001000010111111111111010000100000101
11001000101001110110001101100010011000010100100001100010011011000101
10110101100100101001011101110010110100110011001100110111101101010101
10000010000000000111010001100100011100011100101000001011100101100110
00010010100100010001011001000101001110101110011011010110010110100110
01011101000000110100001001011110101010100000100110101100001010100110
10101010001110011110001111001101110000000101001001011000100000100110
01100001000111001000100000000011100100001011001110110100101100000110
11000111110001011000111011101100100000110111100000011000011011010110
11111010000001010100011000110100011011101001010001110001011010100110
10011111101111101101010111010101110110101001101011000111111001000111
11111110011010010001110110011111110001010011100100011000110101110111
00000001010100111111111011000100000010111100100001110100000010010111
11010110111111110101100111111100000100010011011010001010110011000111
11111100000101111001001010001101011001000100111111010010111111100111
00011010011101111101110001011100111111001111011111110001101001000111
00011110010101000100110100110110111101101000100011010001011111100111
10100000000100100011010110000001000100000001010100100111000001010111
00101110010110101010111000100010001011111101100011101110000100110111
11100111101011011110011011010000101011010000110101010101100100100111
11111101011111111011001011110110000000100001100001000111101011101000
11101011101000010011110100111111011000111101111010110111111111001000
10101010001110011110001111001101110000000101001001011000100000101000
10111000001111010111010111101011001010110100000001111011001101111000
11110110001111011001111100001100111111110111110011101110100000111000
01011111110001111100001011101101111011100100011100010010110010001000
