          	                             f_1	                             f_2	                             f_3	                             f_4	                             f_5	                             f_6	                             f_7	                             f_8	                             f_9
          	------------------------------------------------------------------------------------------------------------------------------------------------------------------------------------------------------------------------------------------------------------------------------------------------------------------------------------------------------------------------------------------------------------------------------------------------
      f_1|	xxxxxxxxxxxxxxxxxxxxxxxxxxxxxxxx	11111111111111111111111111111111	11111111111111111111111111111111	00000000000000000000000000000001	00000000000000000000000000000001	11111111111111111111111111111111	11111111111111111111111111111111	11111111111111111111111111111111	01111111111111111111111111111111
      f_2|	00000000000000000000000000000000	xxxxxxxxxxxxxxxxxxxxxxxxxxxxxxxx	11111111111111111111111111111110	00000000000000000000000000000001	00000000000000000000000000000001	11111111111111111111111111111111	11111111111111111111111111111111	11111111111111111111111111111110	01111111111111111111111111111111
      f_3|	00000000000000000000000000000000	11111111111111111111111111111110	xxxxxxxxxxxxxxxxxxxxxxxxxxxxxxxx	00000000000000000000000000000001	00000000000000000000000000000001	11111111111111111111111111111111	11111111111111111111111111111111	11111111111111111111111111111110	01111111111111111111111111111111
      f_4|	00000000000000000000000000000000	11111111111111111111111111111111	11111111111111111111111111111111	xxxxxxxxxxxxxxxxxxxxxxxxxxxxxxxx	00000000000000000000000000000001	11111111111111111111111111111111	11111111111111111111111111111111	11111111111111111111111111111111	01111111111111111111111111111111
      f_5|	00000000000000000000000000000000	11111111111111111111111111111111	11111111111111111111111111111111	00000000000000000000000000000001	xxxxxxxxxxxxxxxxxxxxxxxxxxxxxxxx	11111111111111111111111111111111	11111111111111111111111111111111	11111111111111111111111111111111	01111111111111111111111111111111
      f_6|	00000000000000000000000000000000	11111111111111111111111111111110	11111111111111111111111111111110	00000000000000000000000000000001	00000000000000000000000000000001	xxxxxxxxxxxxxxxxxxxxxxxxxxxxxxxx	00000000000000000000000000000000	00000000000000000000000000000000	01111111111111111111111111111111
      f_7|	00000000000000000000000000000000	11111111111111111111111111111111	11111111111111111111111111111111	00000000000000000000000000000001	00000000000000000000000000000001	11111111111111111111111111111111	xxxxxxxxxxxxxxxxxxxxxxxxxxxxxxxx	11111111111111111111111111111111	01111111111111111111111111111111
      f_8|	00000000000000000000000000000000	11111111111111111111111111111110	11111111111111111111111111111110	00000000000000000000000000000001	00000000000000000000000000000001	11111111111111111111111111111111	11111111111111111111111111111111	xxxxxxxxxxxxxxxxxxxxxxxxxxxxxxxx	01111111111111111111111111111111
      f_9|	00000000000000000000000000000000	11111111111111111111111111111111	11111111111111111111111111111111	00000000000000000000000000000001	00000000000000000000000000000001	11111111111111111111111111111111	11111111111111111111111111111111	11111111111111111111111111111111	xxxxxxxxxxxxxxxxxxxxxxxxxxxxxxxx
